Dominios,Tamanios,Medias,Varianzas
ARMENIA,133,13.553683278113997,1.2613106625502186
BARRANQUILLA,214,13.365383567427125,1.160132404438659
BOGOTA,165,13.795966963426093,1.377230817512739
BUCARAMANGA,125,13.752483349347347,1.0555552348414403
CALI,166,13.567695888849302,1.1836811657939164
CARTAGENA,131,13.371059878229383,1.083353856767304
CUCUTA,115,13.330623553702647,0.8749518560164259
FLORENCIA,99,13.580553051290305,1.0764097150654295
IBAGUE,94,13.596435139187156,0.9787464492925821
MANIZALES,157,13.904472572353633,0.7394437900312855
MEDELLIN,235,13.955050847170524,1.2108063001397955
MONTERIA,102,13.349778420897808,1.3346984870720233
NEIVA,110,13.692730742040688,0.9513446255294994
PASTO,133,13.666594167158866,1.1544132050169797
PEREIRA,114,13.68041856054952,0.6654291151434951
POPAYAN,116,13.485608194261566,1.0180403740592199
QUIBDO,82,13.31507837645751,1.0182401317113474
RESTO URBANO,414,13.322972905562152,1.2005300106430445
RIOHACHA,101,13.293067169998361,1.3207178304098814
RURAL,345,12.922916298279535,1.1228830369440486
SANTA MARTA,131,13.516294854195317,1.3929508758392204
SINCELEJO,154,13.316822601254886,1.1708096195024795
TUNJA,116,13.889410676204195,0.9617875786536038
VALLEDUPAR,155,13.395440307546556,1.0440519269399975
VILLAVICENCIO,113,13.668519871297645,1.019421729149072
